# The Elder Scrolls II: Daggerfall (Bethesda, 1996) world texture palette
# (ART_PAL.COL), 6-bit DAC values. One "r g b" per line, entries 0-255.
# Source: UESP's lossless swatch image, a 16x16 row-major grid of 8x8 swatches
# (7x7 color plus a 1-pixel black gridline), sampled at the swatch centers:
# https://images.uesp.net/3/35/DF-palette-Art_Pal.Col.png
# 8-bit to 6-bit with v >> 2. Entry 0, the transparency key, is already black.
0 0 0
63 57 32
63 51 26
63 51 24
61 51 28
63 51 22
61 51 26
59 51 28
57 51 30
63 49 24
63 49 21
57 49 30
55 49 32
61 47 19
52 46 33
57 44 20
46 43 36
44 41 37
51 39 18
44 40 30
41 39 39
46 37 19
40 36 31
41 35 23
41 32 16
35 32 29
34 30 23
33 29 26
33 28 20
34 28 16
29 26 23
28 23 18
61 50 41
56 45 36
51 38 29
48 33 25
45 28 20
41 25 17
38 23 15
35 21 13
32 19 12
30 18 10
28 17 10
25 16 9
22 16 9
19 15 10
16 13 10
13 12 10
58 47 50
55 41 47
51 36 42
47 31 39
43 27 36
38 24 32
35 21 29
31 19 26
27 17 25
25 16 24
21 14 19
18 13 17
16 12 15
15 11 14
14 11 13
11 11 11
61 53 43
57 48 37
53 43 32
49 38 26
45 35 22
43 31 19
40 29 18
37 27 17
33 25 16
30 23 15
27 21 13
24 19 12
20 17 11
17 15 10
15 13 9
12 11 8
51 51 56
47 47 49
41 41 43
36 36 39
33 33 37
30 30 34
28 28 31
25 25 29
23 23 27
21 21 24
18 18 21
17 17 20
15 15 16
13 13 14
12 12 12
11 11 11
44 51 63
36 46 61
30 41 57
26 38 54
21 34 51
17 31 48
17 28 44
15 26 41
13 24 38
12 22 35
11 20 30
12 19 25
13 17 21
12 15 18
11 14 15
11 12 12
55 55 55
49 49 49
46 46 46
43 43 43
40 40 40
36 36 36
33 33 33
29 29 29
27 27 27
24 24 24
21 21 21
19 19 19
16 16 16
14 14 14
12 12 12
11 11 11
45 54 56
39 50 50
33 46 46
27 42 42
21 38 38
19 35 35
17 33 33
15 31 31
13 28 28
11 25 25
9 22 22
10 20 20
11 18 18
11 15 15
12 13 13
11 12 12
63 61 25
60 59 11
56 55 0
53 50 0
49 46 0
45 42 0
42 37 0
38 33 0
34 28 0
31 26 1
29 24 1
26 21 2
23 19 3
20 17 4
17 15 5
14 12 6
50 55 49
43 50 42
37 44 35
30 39 29
26 36 27
23 32 23
20 29 21
19 27 19
17 24 16
15 22 13
13 19 11
11 17 9
9 15 9
7 13 7
8 12 8
10 11 10
44 26 20
43 23 18
43 21 16
40 19 14
38 18 12
36 17 11
38 22 11
34 20 10
31 18 9
28 16 8
24 15 7
21 13 6
18 11 5
14 9 4
11 7 3
8 5 2
54 56 40
46 51 31
39 45 25
32 40 19
27 36 16
25 34 15
23 31 13
21 29 12
19 27 10
16 24 9
13 21 8
12 18 8
11 16 9
10 14 9
9 12 10
10 11 11
44 28 19
43 27 18
42 26 17
41 25 16
39 24 15
38 23 14
37 22 13
35 21 12
10 10 10
9 9 9
8 8 8
7 7 7
6 6 6
5 5 5
4 4 4
3 3 3
63 63 49
63 61 46
63 58 42
63 56 39
63 53 35
63 51 31
63 48 28
63 46 24
63 43 20
60 41 13
58 38 12
56 35 11
54 32 10
53 29 9
51 26 8
49 23 7
47 21 6
45 18 5
44 15 4
42 12 3
40 9 3
38 6 2
36 3 1
32 5 0
27 8 0
25 8 0
23 8 0
20 8 2
18 9 6
16 10 8
14 10 9
0 0 0
