# Doom (id Software, 1993) game palette (PLAYPAL palette 0), 6-bit DAC values.
# One "r g b" per line, entries 0-255 in order.
# Source: SLADE, dist/res/palettes/"Doom .pal" (GPL), first 768 bytes; 8-bit to
# 6-bit with v >> 2, as the engine's I_SetPalette did when writing the DAC.
# https://github.com/sirjuddington/SLADE/tree/master/dist/res/palettes
0 0 0
7 5 2
5 3 1
18 18 18
63 63 63
6 6 6
4 4 4
2 2 2
1 1 1
11 13 7
8 10 3
5 7 1
3 5 0
19 14 10
17 12 8
15 10 6
63 45 45
61 42 42
60 40 40
58 37 37
57 35 35
55 33 33
54 30 30
52 28 28
50 26 26
49 24 24
47 22 22
46 21 21
44 19 19
43 17 17
41 15 15
40 14 14
38 12 12
37 11 11
35 10 10
34 8 8
32 7 7
31 6 6
29 5 5
28 4 4
26 3 3
25 2 2
23 1 1
22 1 1
20 1 1
19 0 0
17 0 0
16 0 0
63 58 55
63 56 52
63 54 49
63 52 46
63 51 44
63 49 41
63 47 38
63 46 36
63 44 32
61 42 30
59 40 28
57 38 26
55 36 24
53 34 22
51 32 20
50 31 19
47 30 18
44 28 17
42 27 16
40 26 15
38 24 14
35 23 13
33 21 12
31 20 11
29 19 10
26 17 9
23 16 8
20 15 7
18 13 6
15 11 5
12 10 4
10 8 3
59 59 59
57 57 57
55 55 55
54 54 54
52 52 52
50 50 50
49 49 49
47 47 47
45 45 45
44 44 44
42 42 42
41 41 41
39 39 39
37 37 37
36 36 36
34 34 34
32 32 32
31 31 31
29 29 29
27 27 27
26 26 26
24 24 24
22 22 22
21 21 21
19 19 19
17 17 17
16 16 16
14 14 14
13 13 13
11 11 11
9 9 9
8 8 8
29 63 27
27 59 25
25 55 23
23 51 21
22 47 19
20 43 17
18 39 15
16 36 13
15 32 11
13 28 10
11 24 8
9 20 6
7 16 5
5 12 3
4 8 2
2 5 1
47 41 35
45 39 33
43 37 31
41 35 29
39 33 27
38 31 26
36 30 24
34 28 22
32 26 21
30 24 19
29 23 18
27 21 16
25 20 15
23 18 13
21 16 12
20 15 11
39 32 24
35 29 20
32 26 18
29 23 15
25 20 12
22 17 10
19 14 8
16 12 6
30 31 24
27 28 21
25 26 19
22 24 17
20 21 14
17 19 12
15 17 10
13 15 9
63 63 28
58 54 21
53 46 16
48 38 11
43 30 7
38 22 4
33 16 1
28 10 0
63 63 63
63 54 54
63 46 46
63 38 38
63 30 30
63 23 23
63 15 15
63 7 7
63 0 0
59 0 0
56 0 0
53 0 0
50 0 0
47 0 0
44 0 0
41 0 0
38 0 0
34 0 0
31 0 0
28 0 0
25 0 0
22 0 0
19 0 0
16 0 0
57 57 63
49 49 63
42 42 63
35 35 63
28 28 63
20 20 63
13 13 63
6 6 63
0 0 63
0 0 56
0 0 50
0 0 44
0 0 38
0 0 32
0 0 26
0 0 20
63 63 63
63 58 54
63 53 46
63 49 38
63 44 30
63 40 22
63 35 14
63 31 6
60 28 5
58 27 3
55 25 3
53 23 2
50 21 1
48 19 0
45 17 0
43 16 0
63 63 63
63 63 53
63 63 44
63 63 35
63 63 26
63 63 17
63 63 8
63 63 0
41 15 0
39 13 0
36 11 0
33 8 0
19 14 9
16 11 6
13 8 4
11 6 2
0 0 20
0 0 17
0 0 14
0 0 11
0 0 8
0 0 5
0 0 2
0 0 0
63 39 16
63 57 18
63 30 63
63 0 63
51 0 51
39 0 38
27 0 26
41 26 26
