# Hexen (Raven Software, 1995) game palette (PLAYPAL palette 0), 6-bit DAC values.
# One "r g b" per line, entries 0-255 in order.
# Source: SLADE, dist/res/palettes/"Hexen .pal" (GPL), first 768 bytes; 8-bit to
# 6-bit with v >> 2, as the engine's I_SetPalette did when writing the DAC.
# https://github.com/sirjuddington/SLADE/tree/master/dist/res/palettes
0 0 0
1 1 1
3 3 3
4 4 4
6 6 6
7 7 7
8 8 8
9 9 9
11 11 11
12 12 12
14 14 14
15 15 15
17 17 17
18 18 18
20 20 20
21 21 21
23 23 23
24 24 24
26 26 26
28 28 28
30 30 30
32 32 32
34 34 34
36 36 36
39 39 39
41 41 41
44 44 44
46 46 46
48 48 48
50 50 50
53 53 53
55 55 55
57 57 57
7 8 7
9 10 9
12 12 12
14 15 14
17 18 17
19 20 19
22 23 21
24 25 23
27 28 26
29 30 28
31 32 30
33 35 32
36 37 34
38 40 37
40 42 39
43 45 41
45 47 44
47 49 46
5 7 5
6 9 6
7 10 7
8 12 8
10 13 10
11 15 11
12 17 12
14 18 13
15 20 14
16 22 16
18 23 17
19 25 18
21 27 19
22 28 20
23 30 21
25 32 23
5 4 9
7 6 11
10 9 14
12 11 16
14 14 19
17 16 22
19 19 24
22 21 27
24 24 30
27 26 32
29 29 35
32 32 37
34 34 40
37 37 43
15 10 2
18 12 4
21 14 5
23 16 7
25 18 9
27 20 11
30 23 13
34 26 15
37 29 18
40 32 21
42 34 23
45 36 25
47 38 27
49 40 29
51 42 31
52 44 33
6 3 2
9 5 2
12 6 3
15 7 3
16 8 4
18 9 4
20 10 4
21 11 5
23 12 6
25 14 7
28 16 8
30 18 9
32 20 11
35 22 12
37 24 14
40 27 16
43 29 18
45 31 20
48 33 22
51 35 23
53 37 25
54 39 28
55 41 31
55 43 34
56 45 37
9 5 1
11 6 1
14 7 1
17 8 1
19 9 0
21 10 0
24 11 0
28 13 0
31 15 1
35 18 2
38 20 4
40 23 5
42 25 6
45 28 8
47 31 5
51 34 6
55 37 7
59 40 5
61 43 11
63 46 14
63 48 17
62 50 20
62 52 24
62 55 30
0 1 10
0 1 12
1 2 14
0 1 16
0 1 19
0 1 22
0 1 24
0 1 26
1 1 30
0 1 34
5 5 38
9 10 41
14 14 45
18 19 49
22 23 52
27 28 56
31 32 60
36 37 63
7 1 1
9 0 0
11 0 0
13 0 0
16 0 0
19 0 0
22 0 0
25 0 0
28 0 0
31 0 0
34 0 0
38 0 0
41 0 0
46 0 0
50 0 0
55 0 0
59 0 0
63 0 0
63 11 11
63 22 22
63 34 34
63 42 42
5 4 1
3 6 2
4 8 3
5 10 3
6 12 4
7 14 5
8 16 6
8 18 7
9 20 7
11 21 9
11 23 9
12 26 10
15 30 12
17 34 14
19 39 16
21 43 18
23 48 20
39 12 1
42 16 0
46 21 1
53 29 1
58 36 1
63 44 1
63 48 6
63 54 11
1 33 1
2 43 2
0 53 0
0 58 0
10 63 10
30 63 30
0 0 46
3 10 55
7 20 56
10 29 58
13 39 59
16 49 61
20 59 63
61 3 0
63 15 0
63 23 0
63 31 0
63 39 0
63 48 6
63 55 0
10 3 16
15 3 22
22 3 30
30 4 39
37 4 47
44 4 55
49 18 58
53 32 60
58 42 63
15 4 4
22 9 8
29 14 12
36 19 16
44 24 20
51 29 24
17 13 0
20 15 1
24 18 0
27 20 0
30 22 0
32 24 0
37 28 0
45 34 0
53 40 1
63 63 63
