# Mac OS 8-bit system palette (Apple, 1987), 6-bit DAC values.
# One "r g b" per line, entries 0-255 in Apple's order. Computed:
#   0-214   6x6x6 cube at 8-bit steps of 0x33, from white down (red slowest,
#           blue fastest), without black
#   215-224 red ramp EE DD BB AA 88 77 55 44 22 11
#   225-234 the same ramp in green, 235-244 in blue, 245-254 in gray
#   255     black
# 8-bit to 6-bit with v >> 2.
63 63 63
63 63 51
63 63 38
63 63 25
63 63 12
63 63 0
63 51 63
63 51 51
63 51 38
63 51 25
63 51 12
63 51 0
63 38 63
63 38 51
63 38 38
63 38 25
63 38 12
63 38 0
63 25 63
63 25 51
63 25 38
63 25 25
63 25 12
63 25 0
63 12 63
63 12 51
63 12 38
63 12 25
63 12 12
63 12 0
63 0 63
63 0 51
63 0 38
63 0 25
63 0 12
63 0 0
51 63 63
51 63 51
51 63 38
51 63 25
51 63 12
51 63 0
51 51 63
51 51 51
51 51 38
51 51 25
51 51 12
51 51 0
51 38 63
51 38 51
51 38 38
51 38 25
51 38 12
51 38 0
51 25 63
51 25 51
51 25 38
51 25 25
51 25 12
51 25 0
51 12 63
51 12 51
51 12 38
51 12 25
51 12 12
51 12 0
51 0 63
51 0 51
51 0 38
51 0 25
51 0 12
51 0 0
38 63 63
38 63 51
38 63 38
38 63 25
38 63 12
38 63 0
38 51 63
38 51 51
38 51 38
38 51 25
38 51 12
38 51 0
38 38 63
38 38 51
38 38 38
38 38 25
38 38 12
38 38 0
38 25 63
38 25 51
38 25 38
38 25 25
38 25 12
38 25 0
38 12 63
38 12 51
38 12 38
38 12 25
38 12 12
38 12 0
38 0 63
38 0 51
38 0 38
38 0 25
38 0 12
38 0 0
25 63 63
25 63 51
25 63 38
25 63 25
25 63 12
25 63 0
25 51 63
25 51 51
25 51 38
25 51 25
25 51 12
25 51 0
25 38 63
25 38 51
25 38 38
25 38 25
25 38 12
25 38 0
25 25 63
25 25 51
25 25 38
25 25 25
25 25 12
25 25 0
25 12 63
25 12 51
25 12 38
25 12 25
25 12 12
25 12 0
25 0 63
25 0 51
25 0 38
25 0 25
25 0 12
25 0 0
12 63 63
12 63 51
12 63 38
12 63 25
12 63 12
12 63 0
12 51 63
12 51 51
12 51 38
12 51 25
12 51 12
12 51 0
12 38 63
12 38 51
12 38 38
12 38 25
12 38 12
12 38 0
12 25 63
12 25 51
12 25 38
12 25 25
12 25 12
12 25 0
12 12 63
12 12 51
12 12 38
12 12 25
12 12 12
12 12 0
12 0 63
12 0 51
12 0 38
12 0 25
12 0 12
12 0 0
0 63 63
0 63 51
0 63 38
0 63 25
0 63 12
0 63 0
0 51 63
0 51 51
0 51 38
0 51 25
0 51 12
0 51 0
0 38 63
0 38 51
0 38 38
0 38 25
0 38 12
0 38 0
0 25 63
0 25 51
0 25 38
0 25 25
0 25 12
0 25 0
0 12 63
0 12 51
0 12 38
0 12 25
0 12 12
0 12 0
0 0 63
0 0 51
0 0 38
0 0 25
0 0 12
59 0 0
55 0 0
46 0 0
42 0 0
34 0 0
29 0 0
21 0 0
17 0 0
8 0 0
4 0 0
0 59 0
0 55 0
0 46 0
0 42 0
0 34 0
0 29 0
0 21 0
0 17 0
0 8 0
0 4 0
0 0 59
0 0 55
0 0 46
0 0 42
0 0 34
0 0 29
0 0 21
0 0 17
0 0 8
0 0 4
59 59 59
55 55 55
46 46 46
42 42 42
34 34 34
29 29 29
21 21 21
17 17 17
8 8 8
4 4 4
0 0 0
