# Mode 13h ramp palette, 6-bit DAC values. One "r g b" per line, entries
# 0-255 in order: 16 families of 16 shades, Quake-style.
# Family 0 is a gray ramp from black to white. For the others, shade i of
# key color K (8-bit sRGB below) is K*(i+1)/12 for i <= 11, so shade 11 is
# the key, then 15% closer to white per step up to shade 15.
# 0: neutral gray
0 0 0
4 4 4
8 8 8
13 13 13
17 17 17
21 21 21
25 25 25
29 29 29
34 34 34
38 38 38
42 42 42
46 46 46
50 50 50
55 55 55
59 59 59
63 63 63
# 1: stone gray (122 124 136)
3 3 3
5 5 6
8 8 8
10 10 11
13 13 14
15 15 17
18 18 20
20 20 22
23 23 25
25 26 28
28 28 31
30 31 34
35 35 38
40 40 42
45 45 47
50 50 51
# 2: dirt brown (134 96 67)
3 2 1
6 4 3
8 6 4
11 8 6
14 10 7
17 12 8
19 14 10
22 16 11
25 18 12
28 20 14
30 22 15
33 24 17
38 30 24
42 36 30
47 41 37
51 47 44
# 3: wood tan (162 130 78)
3 3 2
7 5 3
10 8 5
13 11 6
17 13 8
20 16 10
23 19 11
27 21 13
30 24 14
33 27 16
37 29 18
40 32 19
43 37 26
47 41 32
50 46 39
54 51 46
# 4: sand (219 207 163)
5 4 3
9 9 7
14 13 10
18 17 13
23 21 17
27 26 20
32 30 23
36 34 27
41 38 30
45 43 34
50 47 37
54 51 40
55 53 44
57 55 47
58 56 50
59 58 54
# 5: grass green (110 160 60)
2 3 1
5 7 2
7 10 4
9 13 5
11 16 6
14 20 7
16 23 9
18 26 10
20 30 11
23 33 12
25 36 14
27 40 15
33 43 22
38 47 29
43 50 37
49 54 44
# 6: foliage green (60 110 40)
1 2 1
2 5 2
4 7 2
5 9 3
6 11 4
7 14 5
9 16 6
10 18 7
11 20 7
12 23 8
14 25 9
15 27 10
22 33 18
29 38 26
37 43 34
44 49 42
# 7: water blue (63 118 228)
1 2 5
3 5 9
4 7 14
5 10 19
6 12 23
8 15 28
9 17 33
10 19 38
12 22 42
13 24 47
14 27 52
16 29 56
23 34 57
30 39 58
37 44 59
44 49 60
# 8: sky blue (120 167 255)
2 3 5
5 7 11
7 10 16
10 14 21
12 17 26
15 21 32
17 24 37
20 28 42
22 31 47
25 34 53
27 38 58
30 41 63
35 45 63
40 48 63
45 51 63
50 54 63
# 9: red (180 30 30)
4 1 1
7 1 1
11 2 2
15 2 2
19 3 3
22 4 4
26 4 4
30 5 5
33 6 6
37 6 6
41 7 7
44 7 7
47 16 16
50 24 24
53 32 32
56 41 41
# 10: lava orange (240 120 20)
5 2 0
10 5 1
15 7 1
20 10 2
25 12 2
30 15 2
35 17 3
40 20 3
44 22 4
49 25 4
54 27 5
59 30 5
60 35 14
60 40 22
61 45 31
62 50 40
# 11: gold (250 215 60)
5 4 1
10 9 2
15 13 4
21 18 5
26 22 6
31 27 7
36 31 9
41 35 10
46 40 11
51 44 12
57 49 14
62 53 15
62 55 22
62 56 29
62 58 37
63 59 44
# 12: amethyst purple (150 100 200)
3 2 4
6 4 8
9 6 12
12 8 16
15 10 21
19 12 25
22 14 29
25 16 33
28 19 37
31 21 41
34 23 45
37 25 49
41 30 51
45 36 53
49 42 56
53 48 58
# 13: skin pink (240 170 150)
5 4 3
10 7 6
15 11 9
20 14 12
25 18 15
30 21 19
35 25 22
40 28 25
44 32 28
49 35 31
54 39 34
59 42 37
60 45 41
60 48 45
61 51 49
62 55 53
# 14: diamond cyan (80 220 220)
2 5 5
3 9 9
5 14 14
7 18 18
8 23 23
10 27 27
12 32 32
13 36 36
15 41 41
16 45 45
18 50 50
20 54 54
26 56 56
33 57 57
39 58 58
46 60 60
# 15: crimson (140 25 60)
3 1 1
6 1 2
9 2 4
12 2 5
14 3 6
17 3 7
20 4 9
23 4 10
26 5 11
29 5 12
32 6 14
35 6 15
39 15 22
43 23 29
47 32 37
52 40 44
